3811
5561
214
2767
751
471
9575
3832
3804
9117
6144
1546
3341
5886
1956
4792
2857
9100
5596
6694
7146
521
187
1014
7879
1648
8675
8340
28
1599
7248
4312
7567
6211
2904
7004
1869
3064
6075
5761
1279
2091
4250
8538
5277
6506
7507
46
1646
3697
1954
7846
118
796
1950
8541
940
4590
7077
1346
1739
487
4817
1132
1197
226
4807
8180
2949
2972
5701
6826
8074
9514
497
168
9770
4348
1315
3077
8474
5070
9504
545
969
4116
2164
3856
1922
2235
722
1377
1222
8539
2961
6517
5645
6848
3878
9798
8162
2820
6831
7367
3493
1809
579
3013
3132
1966
3254
6004
8506
2298
9182
1896
5595
444
9661
8381
9325
9809
3282
3582
1494
648
7006
8697
281
4994
4006
2580
5159
9925
8789
9917
5267
9042
6125
785
5061
6586
4118
3178
5345
4139
7839
6187
3345
4477
4278
5776
133
2293
4334
290
9004
6409
3252
8108
2948
3274
5020
4393
4979
6328
1849
9217
9576
1034
4700
4456
8749
157
5662
1105
1020
9040
8282
4911
6986
5535
6705
1834
9738
4280
9408
1058
3664
77
8886
7370
9877
9973
2694
306
2133
8680
7195
2178
1062
7229
9787
2125
818
9300
565
8500
6018
5184
9246
6722
2753
7667
8616
4575
1991
86
7
2589
8766
650
2104
1278
5799
3123
8733
2615
4555
8399
6969
7865
2756
6791
873
9095
1301
5333
2466
6287
9238
356
5423
7490
293
9611
2654
4186
9116
3746
3543
8769
1119
1751
1951
6812
3816
341
804
738
3622
1570
4260
7608
6151
8560
3310
7896
3683
4225
5900
7508
8050
2110
7392
260
2715
4801
2322
3053
1888
8898
3334
729
888
1723
8453
3182
5500
9016
2465
1338
4144
8897
3055
4875
1182
1098
8376
8190
4884
6651
6372
7455
8235
7605
1736
5273
6521
1296
2105
5730
9395
8958
8648
6714
1728
3597
2633
1703
860
6215
3235
8207
4368
5887
8285
5295
6210
2591
3417
6871
5253
7994
309
3601
4040
3793
916
9905
1704
1913
7412
8973
9265
6984
4775
2218
707
5072
6324
5965
8341
8626
8547
2418
5972
2638
5903
6736
8031
946
1527
7958
8591
8317
5103
5545
8062
7186
3387
8818
1657
4122
4636
1758
7501
5718
2819
9843
8349
8536
2404
1693
4856
2730
9844
2114
4105
3975
2681
9237
1931
3788
1891
2759
2172
2383
9027
5167
1481
4120
3484
3792
3240
73
1026
5187
8572
7590
9874
9488
8617
1130
4639
6821
5684
4594
4460
2703
7302
9400
6383
5040
1530
8350
9547
9630
6599
9554
1361
6455
3805
477
1500
3779
6695
6663
4852
2566
5387
4759
9014
8149
8887
4592
7715
1460
4600
2
5609
6753
7585
3151
5725
8503
8976
1668
5534
4274
6036
4027
2277
5647
2989
1974
3716
4971
5792
5410
5248
9414
9236
8991
9191
70
9989
5377
7339
7905
3785
4506
2531
4050
389
4066
323
6300
4838
352
6760
9435
7983
4556
2882
1111
5467
3888
2272
709
7636
2525
2335
3450
9937
1837
5329
6639
6205
4653
71
674
3897
3227
367
1517
4597
5747
773
7158
8055
764
6120
5171
3495
4662
5251
3465
6093
1243
5301
1573
2875
8931
7147
4517
5711
4465
8225
6447
5213
8226
3456
6431
3979
1027
200
3324
2481
6430
8576
2077
6133
8933
2416
8602
6922
2499
2363
5452
8123
8759
6830
5276
5497
247
1669
4698
3153
7728
4739
5263
8135
6683
5934
4015
1542
2486
9060
754
9806
9064
6197
4212
4869
580
403
4166
6155
952
8148
2026
3353
827
6869
6725
2979
6775
8824
8227
7377
2233
7525
6061
9602
5180
6908
4500
2560
1805
9872
2368
5810
1300
6991
8899
8580
1116
786
3378
2472
7588
7517
340
1874
1516
1314
8012
6239
3449
2473
1591
1915
8188
5294
8985
7602
3640
6721
1117
1381
2942
1571
3843
3048
5474
5300
3713
33
5650
183
5000
614
4655
6258
9741
2334
4620
2073
8482
9589
9942
7380
3404
8707
5592
2606
1399
3596
6641
6661
9309
840
9462
8953
8029
7601
8529
6373
8319
405
8908
1173
4960
8773
9038
1069
1759
1740
3552
6915
4605
852
640
9295
4455
8158
4007
9988
7809
2452
3468
8920
6681
2208
4722
2823
5092
8988
2251
6421
4706
9301
5437
2254
6392
8530
2410
9690
56
5597
1459
9564
9997
1228
4581
4900
7761
9132
2781
3977
9954
2517
8042
6688
3041
5149
1643
9822
2213
132
2964
2585
6906
4786
9324
7827
9583
4977
1031
728
572
7769
1206
9727
5601
5388
5473
1763
8532
8853
885
6921
6743
5550
9096
4029
349
7792
2965
2690
3885
7419
1741
2925
1219
3333
4475
8328
2080
6538
5951
3759
1383
669
5305
3040
9368
1376
1716
8430
4180
3098
7064
7180
4239
6750
9897
5969
2842
6771
977
9902
1717
645
4373
6456
6157
9852
4388
58
8497
5169
2802
9221
2758
5079
5923
968
6606
767
6453
4442
4199
5939
9631
9043
5731
4766
8495
8441
6829
7026
7781
6080
4564
3099
1265
3136
2338
7770
2285
5279
781
6221
1961
8599
7128
162
4974
1074
9680
8516
7435
136
365
9974
6713
2762
1664
1661
7624
8414
866
2020
5123
1605
8404
1400
7587
3840
2639
8858
1073
2144
7940
8457
8470
4268
9158
3665
4045
6769
8231
3074
7179
6935
6653
6289
6015
4436
9718
2987
4660
3722
5743
3638
4379
2914
6502
5732
3177
375
2064
3384
3381
4803
6271
4202
2149
9478
5712
1612
4392
7383
9067
6196
2836
7082
9172
4292
4996
6216
4770
7638
1659
3092
4331
2199
6680
2309
9177
9599
2487
5563
7856
9950
1424
3319
9138
9024
7335
8526
5767
8588
6976
8230
6134
3221
6241
3819
6255
1873
743
6099
8764
8035
5456
6250
1767
6469
2832
8049
4047
59
4746
3037
9446
5778
7246
3693
7223
2102
3212
6605
519
7566
2430
581
595
2852
3950
1306
8361
5412
138
8064
983
34
7465
3869
5367
3633
3315
4418
5859
7534
3845
7456
8408
6343
2460
7867
8290
5960
3546
9780
3442
9945
1085
1584
845
7242
7190
4694
8243
9624
9639
2060
7806
2883
3880
7506
4596
9315
8270
1458
6550
5888
8309
4411
8552
5661
8405
3747
7388
6566
6846
5173
29
5607
2990
4361
2417
1993
1866
9955
750
7771
5460
3905
2847
9248
5494
9722
1131
7607
7631
5336
5282
2427
1470
382
5840
6169
6168
5112
6676
3368
6293
714
8107
2796
7793
7933
8009
6132
8610
4140
2977
1479
3448
5364
6858
5310
7843
3992
8864
995
886
7996
8358
7898
1236
2858
8400
8723
6412
1725
5518
9199
9732
5406
7633
8247
4936
7325
7586
2131
2680
5110
4133
837
9173
4181
7778
606
1165
4680
3836
447
7298
7458
9332
6524
243
179
6636
2641
9555
9291
469
368
9763
9065
724
7159
3485
3463
8233
5893
4078
1760
5693
4383
7888
4018
828
8199
343
7134
4276
5343
5796
7582
8857
5892
5826
1705
3065
5653
5727
9424
5313
6620
3620
2521
1749
3113
2184
3179
4263
6768
7443
3858
1267
9048
4562
4469
8308
4537
4973
7647
601
3481
4953
8211
4859
7079
9957
7681
2385
3940
4674
9688
944
1107
3217
7505
7198
8114
9502
9280
7121
7498
2161
2132
6704
232
3780
1051
9760
9471
9316
3423
5472
1121
3106
5120
2381
4574
9378
9312
1533
2121
5878
3610
5525
451
5168
6738
5800
2698
3598
511
5515
4367
2252
8260
9975
1798
9870
5271
1904
6368
2341
2614
3649
2981
8204
9991
3712
6336
5454
8728
9612
3258
8485
590
4327
4711
790
3794
8413
5752
2280
1559
5268
6995
6451
4865
1297
6008
6874
4519
8636
1959
7691
4307
2124
2167
7962
486
8279
3708
4245
9003
7899
8821
1362
6063
9855
7322
6094
3256
8159
4603
3078
3036
9444
8450
8140
5453
3051
3545
8391
2130
1021
6479
3719
8535
93
257
9717
193
2749
1515
6532
4160
9866
8760
3044
1277
1824
5260
1719
602
315
5064
3192
1467
8269
5321
5506
4528
9777
3592
7871
7406
7387
3542
3438
6270
8914
7274
528
8629
924
8019
7730
9129
1189
1427
1726
3553
7084
8855
3085
2306
2327
1352
9493
9372
9184
7510
1235
7477
8261
3727
8363
5585
3189
231
4566
9379
2138
1641
7124
1214
3852
4927
8002
9797
9696
3654
5344
6033
9677
1912
194
5700
3835
6161
8604
5151
6776
8479
2886
698
7431
9940
2621
7764
1038
7078
9482
727
5507
262
5942
9391
9659
7291
2195
3020
5451
630
1449
7837
893
1656
7819
9087
6650
536
6759
3191
2824
5052
2588
1473
8432
6755
3072
1124
824
8008
5317
4125
6936
8437
3063
465
3833
3763
9748
6523
638
6100
7363
4106
9140
8777
5420
1750
4846
4082
9910
3760
6338
7492
7187
8000
4577
7015
1832
8651
9553
453
3814
4226
6545
9930
4303
7712
8851
6264
4920
9012
9702
2126
65
5769
38
7346
7053
3847
4595
4719
3735
3116
3470
9545
8238
9494
1340
2072
721
9303
1454
5211
1421
6700
6640
6952
5136
353
4552
266
6556
139
9240
9281
6185
9771
6408
4968
1572
6482
4298
8870
3527
3426
7569
8352
1997
6032
6452
1709
1269
8011
7913
6546
9329
8133
1730
106
759
3516
7832
4659
8234
460
8007
6569
2078
9032
8228
2586
2457
1761
4540
1414
4324
2814
9218
4526
9323
8657
9773
4134
4652
5659
7539
2179
3355
6104
8449
8472
6020
8256
2892
1714
8229
1497
7035
1404
3772
2358
2734
4630
7852
2631
8078
5629
807
5330
6119
2061
5858
9345
3396
5979
1713
8960
6116
3220
4023
9013
5710
9571
5475
1650
996
7212
9503
5702
9434
9657
6983
4467
4243
8934
694
3049
9919
3229
7375
939
3204
8438
1878
1012
1538
2351
3062
677
6585
4267
6534
6297
4531
9341
3347
6619
685
337
9649
6441
566
5646
7133
6079
4343
6852
8509
7869
7165
4380
8131
5605
2562
4601
2365
7529
665
6748
8912
9474
9113
3330
811
8257
8130
2168
3561
2062
7659
3717
1010
8040
7961
2090
9314
3838
1773
3067
3535
2945
9162
7668
6859
1157
3507
4837
6968
3700
9418
1146
9230
9933
1043
1870
1425
6228
2029
843
9721
2809
4831
3401
588
5820
1392
173
8297
255
2467
5774
2700
4989
7418
186
6951
5417
2511
6949
74
5215
8603
5952
3653
2609
6907
4776
7655
2393
3756
6658
5153
9627
2228
8873
103
5899
2724
9521
8582
3913
9527
6560
7604
1663
5683
7345
1580
2115
3242
2177
689
8765
1208
9982
1440
3954
8396
347
3499
9869
3133
9288
2833
9226
7112
3127
5913
5443
6046
8165
4300
9148
3320
500
4629
1620
9801
3137
3594
909
6541
5130
2583
1968
2463
517
1642
6354
4476
390
7516
2817
2151
6896
5413
4284
4004
2480
9082
2546
7662
2669
9274
6436
1282
6072
4692
4426
7872
9812
5471
7425
488
3965
4143
3342
9697
3295
2943
8179
1153
87
3160
6209
4988
6013
5266
3321
4464
6761
5411
6183
6069
7848
7095
2048
8121
5188
3489
520
201
8217
9430
3260
301
135
8439
2367
2543
2412
3718
3789
1780
8063
8342
6029
7977
1654
4463
872
7324
9205
5307
6329
1900
7171
936
8237
5764
3216
1379
1396
9194
7592
7371
5821
8392
8677
3343
9458
2705
467
1992
3285
6779
6446
5866
9164
9757
7275
4710
7405
8667
6543
3934
3882
7974
2394
3748
3232
3187
8915
3488
9404
9532
5586
896
8566
4399
7934
1239
5999
4150
8515
5557
2868
3826
692
3083
3508
998
4793
7398
9346
1619
8861
1054
586
9420
3770
8038
1090
6662
4604
9459
7825
8016
8267
1231
865
5051
9832
9366
4279
2974
5993
1847
4682
7701
9795
2084
7724
4673
4449
3743
8967
6613
9744
1248
9298
3403
9934
6218
1940
9637
5843
3824
972
3749
224
9349
7990
4398
9585
9548
7453
7515
795
7944
6672
539
6127
9648
1662
5818
5039
4446
4613
1204
6182
3695
3704
9289
8047
155
1766
2745
1826
5606
3996
7794
4420
5902
1263
3564
5940
8327
9816
8320
9258
763
2901
1496
5523
7240
5894
1814
3791
19
386
166
8609
2265
8375
8770
3721
1551
2496
3802
5066
8669
2957
3724
2240
1191
7748
907
1032
6954
6386
8024
6194
6731
3248
6982
7219
1040
2028
2116
6276
651
6509
5442
897
5522
8950
5589
825
1757
2017
7710
1548
1501
5002
6971
3562
5258
654
2019
462
1312
3239
1576
4782
2049
3551
575
4011
1858
2597
8389
6602
6225
9037
6179
363
6751
1946
5719
1889
1785
4170
6817
696
7267
8044
5384
6644
7786
8968
9569
3302
2025
7293
5968
6617
2593
5569
3107
1902
5189
1017
4565
7262
6233
10
8687
7744
3908
4767
7295
7686
2352
8641
351
5391
3902
1104
8885
8236
8196
7690
3549
1949
4366
6562
468
1877
3937
7061
2483
532
1280
1779
6593
9216
9916
7348
6483
7261
9528
5783
717
7606
3898
1177
4965
1911
3857
4034
9662
3544
5578
7757
974
2356
8293
9830
6563
9002
1270
1687
3891
2963
5035
127
2799
1865
6260
5008
273
6520
1061
4390
8511
9364
6432
3424
4370
9952
4407
7531
2039
6078
8650
6051
6227
3864
8533
6930
7824
5041
9615
9020
9593
5583
6012
2433
3574
2970
3834
2741
7932
6574
443
755
5372
9120
9836
2887
9454
2755
7470
3504
2502
7918
5879
5325
715
9168
4416
8559
142
5316
3602
4661
9225
8302
8519
5819
1509
8812
881
6355
4617
1934
4443
6173
8208
1514
3572
3111
8423
6882
9750
4532
9752
9581
5429
4354
3185
4658
9923
6399
1455
3710
7441
9960
9473
4494
1495
8486
1450
4141
5486
7541
2455
493
4353
2732
6190
9580
6739
3523
6555
2397
2508
4255
4774
9935
5119
7749
9411
9817
3904
3066
2009
2468
5259
2438
4254
821
8620
9523
380
2000
5262
4028
963
3720
6291
3517
510
4861
8184
9483
6346
2771
1685
7218
522
6352
2482
6247
2534
7830
9616
2097
4158
2308
668
5389
4633
7565
8169
8954
7449
4032
7577
9228
6820
6327
992
2532
4747
7170
6533
2375
7444
4942
8003
8957
2391
4621
4704
6285
2688
5245
5303
7922
2436
2373
7088
8085
8823
8370
3273
7738
4096
154
9518
2837
3806
6624
3981
4735
4445
5012
9907
9359
6815
9223
6888
5911
7732
8884
8635
379
7314
1989
3687
6054
3644
248
7528
5817
2424
283
1523
7787
3773
8901
7767
195
2906
6278
5257
5958
7479
5090
6268
3714
8416
9492
8286
5404
6307
1943
919
6996
1091
1452
2267
2793
6720
1985
4834
9679
7976
3863
5409
1957
2259
7137
8802
2752
2377
407
9762
3120
4009
2702
3186
4523
3569
2939
7030
5773
9848
4844
7802
434
5753
526
3199
5431
2784
2012
1311
6814
5436
2960
1977
4003
7469
170
8701
7797
7560
7581
6967
3945
6087
1480
7921
6838
639
221
2514
6253
2437
7066
5270
1056
275
9455
3339
2203
5156
3257
9183
198
1715
5067
3012
8590
9570
1753
3267
8670
1095
9829
1046
7063
8216
3627
7491
1660
5339
5487
8820
7027
233
6665
8911
5076
851
1990
4231
2273
9336
7008
258
8843
1106
953
4975
1417
820
4115
7935
4521
2711
2570
910
2220
7025
9582
8565
5989
394
6230
4854
9198
1670
9
4128
4684
834
5241
2083
5749
3059
3089
6011
7666
4998
4944
8992
9093
5737
7782
7959
457
9310
4654
117
9895
1225
8419
7407
2666
5855
3475
4022
4904
7308
1980
5827
7891
758
9833
7804
3677
6137
9647
7616
7487
1937
4697
948
9124
943
1969
8170
7637
5116
8362
6942
1667
1838
7524
143
472
8865
1601
4507
7023
9962
5841
8776
8881
8365
9786
7058
7995
663
3415
5996
5141
7726
1313
1337
9994
5363
4101
3148
3084
1384
9519
4329
9966
2018
2834
2456
4236
3887
8523
9176
9556
4558
3340
7357
7578
8579
2604
91
1712
926
9388
1682
3308
5401
9433
5394
1071
15
99
7042
9670
6673
7276
9863
8139
7070
8549
9699
4586
2336
5519
5674
7353
8176
4625
5715
9958
3502
9091
1890
8623
3358
1175
4947
612
5024
7074
2993
2720
8122
4424
3893
6370
6656
4316
5936
587
4631
7450
7044
8124
3058
7260
6152
6294
291
8254
7500
7800
2413
3741
2123
3531
6519
676
5694
1722
3990
5678
8716
6178
5195
9813
7149
7954
4256
6587
9510
2536
4309
783
9239
7511
1979
2051
7559
3019
2329
1354
6290
8978
1799
4215
5108
2159
1323
8315
3605
7126
6763
113
1862
3733
8757
7572
277
5265
9479
3688
2339
125
8057
8079
779
1221
2222
1364
1565
5252
7982
9352
5127
7192
5350
1765
9927
1152
725
2940
7902
3363
5124
8726
6391
8446
8665
7394
6167
4956
9668
8489
719
558
27
7414
5802
3673
4076
326
4444
1625
3255
6180
6877
2175
3935
1049
308
8144
9931
1792
7683
2751
7931
3296
945
4501
6868
7416
7514
9666
9219
7376
5804
1919
6444
5348
8126
5216
5018
7356
7117
1694
6086
4193
4088
9403
5513
174
4676
1702
6325
570
1613
3676
1348
8952
8848
6825
7554
4242
6716
7991
9819
249
3323
3170
5816
6699
1351
2246
9778
4509
5396
5947
6857
4147
8874
568
5402
647
6047
1275
9443
3483
8039
420
8597
4452
8153
1462
7120
2790
5775
4499
259
250
3703
4291
8785
4916
8659
6910
235
6965
9542
5825
7964
5238
3243
3117
5990
7438
2340
7255
1102
3061
5058
3238
131
1781
1575
5289
4135
6525
6429
9539
6539
4119
2111
6124
8198
1764
2935
7472
5425
3662
4716
3692
4142
5226
8695
429
6903
9010
5924
1081
5182
346
401
8239
3650
6466
6485
6135
9215
7358
122
9598
1914
1945
8316
560
9106
7451
6803
8076
1578
6744
525
2856
2117
165
6500
1933
4925
7135
4059
4957
7840
4819
1492
7542
3974
7475
4987
2805
5445
5652
7942
6966
6693
7279
6886
327
8747
769
2571
8761
2197
1948
1493
7536
922
4606
7663
2878
4053
7116
8502
2187
7386
4338
5503
9192
3104
7221
3879
4962
7815
85
730
9924
8534
7191
6992
9108
6476
8735
2155
5516
7775
8323
6727
2982
1828
1448
2807
4522
5380
7684
5848
6818
4384
5228
9187
7151
285
1524
4548
3316
3726
7882
8919
2692
2162
2112
2561
1566
3987
6918
7185
292
6262
8461
41
5234
8183
2248
2255
4055
7331
990
7310
4104
1419
2370
9104
1342
1929
9626
3218
9398
2611
4723
2726
5374
9472
5824
2092
3293
4948
9342
9111
962
2622
8322
9893
1422
5613
6691
5961
4549
5502
2637
8852
9980
3469
8822
1406
7595
1593
4251
678
5791
6102
4578
1976
4098
9704
5714
8849
723
5422
8428
8913
1345
8945
7303
9496
9508
1845
3222
3754
5071
2544
1585
1016
1468
7518
6334
2027
7694
101
1488
2530
5927
8156
4
6207
831
9126
2557
850
1369
3550
5025
7280
1216
4743
8360
6706
8436
6849
8459
4914
634
8348
402
9112
6489
2918
4966
6411
9371
5393
989
8860
4232
4815
1995
4736
3584
1266
430
667
3630
9641
8447
4725
6248
6435
7680
4107
8045
2815
7597
8605
2198
98
4932
3149
3941
1009
3265
9929
6288
2657
5724
4712
5995
4271
9827
6376
6193
6833
7047
5654
6766
6281
6419
1184
8065
7881
5062
8871
9178
4008
4275
3528
6477
2085
4551
7705
3496
5496
8101
7448
8021
4161
2191
9535
7538
6940
1408
9815
8568
3694
3467
7791
1084
8172
5148
6544
4247
9986
3656
2998
3585
6955
466
8164
6410
5703
2030
2260
5962
2189
4981
3671
141
9460
184
7697
6065
5511
2994
3352
6382
6927
4183
3848
7760
2274
9254
286
8280
853
63
3082
3939
432
6686
679
718
9728
3556
712
3032
9021
7678
2849
4099
5324
3128
8145
9742
4751
9220
4915
1423
8814
7075
5084
8971
7562
1782
1507
9606
5790
4355
422
3839
5272
1863
8872
4060
9970
8808
1906
7237
6263
8512
8965
7245
5615
7716
4529
7627
1592
3284
2261
1294
8794
3608
7654
7736
5466
4201
9086
3623
7289
9972
1019
7817
4609
3313
276
6979
9461
904
9188
2242
6275
8117
5751
3056
1411
4237
5142
9774
5287
6679
2655
9603
3500
8531
2353
8102
9367
6423
1557
1621
5101
3901
5565
1444
3643
6823
2096
6117
8471
6337
704
2389
3639
5723
6579
726
1037
6236
3076
7118
7169
9500
3195
5838
6764
105
4533
5022
4972
6895
7130
882
6024
6395
9405
1143
9884
6643
1180
3976
4389
5099
9229
3134
5069
8879
4525
5493
9908
869
5977
1607
829
149
617
5484
9601
32
4378
4371
123
2401
3757
4593
4178
1365
2649
4257
2980
5463
4189
8888
1822
603
2278
871
9550
3612
2328
8542
720
8627
6314
6035
1975
5508
1350
9899
217
3429
6707
2951
4851
8086
8940
1850
739
5991
9948
9063
4771
4328
7287
5275
2595
9664
1916
2876
8189
4382
2406
6911
3299
3420
1127
4219
8498
876
1506
6462
3998
8839
1033
8562
1344
7729
43
7725
4200
960
812
4887
9202
2789
6547
3437
5627
2612
5074
7338
4337
4074
6867
3702
4683
2697
2223
815
553
40
6878
8409
3486
8311
1544
9850
4102
3436
4026
3281
137
369
9321
1846
2616
8813
7513
9587
7129
3079
3289
3529
3432
4048
7575
7836
9015
7217
5981
1531
456
5196
2929
4955
8487
7220
7111
6505
9618
5734
7461
5385
1387
1770
4341
1078
3266
8847
5599
5926
482
8278
2769
1435
3215
4044
6038
4290
7796
1326
3667
2927
2687
6957
4880
1229
5932
4534
1347
9079
6762
3626
6835
6953
7957
6112
9251
4678
1819
7741
5738
549
6192
8799
4450
2204
3570
2299
3412
3830
9574
2707
1036
2565
3924
4435
7519
8346
9965
2446
2513
9084
6460
4553
8069
6794
7033
7876
2349
5558
1018
8758
2683
7509
2032
8692
3918
7685
6529
5434
567
3261
152
2470
8668
8835
2966
5054
5483
3303
1923
6749
3478
8982
1895
4344
6937
9652
2962
4902
6413
7704
5856
3652
793
6827
2853
5379
1410
912
6390
8577
8105
5337
2489
5172
1710
1207
949
4849
2923
9047
296
6657
1958
2157
8418
7285
8825
6235
7312
8460
9068
6003
3441
2559
4218
4408
801
9784
2043
5704
9572
5204
6257
8706
6675
8878
130
16
1099
8113
3860
4513
784
4820
220
2884
3560
6217
8831
3166
8862
3306
2540
6251
3126
4093
6623
2059
5201
6286
5360
6854
4757
7306
4963
7946
148
5033
8494
6512
8816
7759
1776
4484
6313
7199
5314
6471
7031
2269
1744
3000
3513
7599
3738
5181
6414
5250
1534
7639
2503
2626
5763
61
2652
5304
3867
3632
7368
8520
6048
2916
1733
5009
68
9715
6926
3391
8926
9122
746
5017
2050
4277
4413
2953
4289
478
7046
1577
2107
4892
6359
3
2300
2052
6345
7979
2221
2210
102
7648
6801
2421
9658
9517
1688
7005
9864
6296
7403
7948
8840
2574
3900
1330
1803
4468
473
768
868
6987
1103
3458
7652
3141
8672
372
999
2659
9070
6053
7216
4222
9348
9033
4612
9465
9340
8905
9638
2294
1879
1030
7558
1357
1064
4740
3280
496
3367
5635
6014
3795
1093
8974
4448
54
3300
3618
4063
4995
3119
3591
4850
3394
7086
7849
622
1405
5378
4071
7860
1159
8084
7390
5433
6403
7175
576
3461
3094
8574
5543
2743
2747
4301
2984
1887
2359
9278
1198
4997
9150
2727
9030
6181
3876
7984
4823
4272
362
1787
6931
3348
6200
6464
7000
3017
982
5448
1261
4273
7550
6481
1875
3501
3146
2524
2975
2515
4951
4485
3641
5624
7755
5949
2647
1775
7640
4827
6806
3962
9749
358
8015
2093
4111
2148
644
3270
6993
8709
5003
4731
2684
2160
7107
2908
2630
7404
2387
5854
6259
1205
2183
9820
1769
530
540
9260
269
4924
1652
416
1463
2548
3734
7327
4938
4983
288
1148
4622
9604
5808
1008
686
5362
4518
7873
7284
218
529
8713
8136
6839
9163
3874
695
4012
4926
3479
713
383
8250
6701
5871
9362
6316
9423
2292
9387
8622
3982
2462
424
3825
6733
7320
435
8268
7323
1645
1924
2800
5107
5863
3069
7857
5896
2477
3354
3728
6428
1374
8058
6158
7820
1606
1681
4152
6001
3169
4744
9294
1004
7754
3168
5010
2386
1598
6634
3648
2558
8752
3152
318
6138
8137
6508
2366
6530
3360
5481
874
7342
8099
9311
6113
1079
6005
9984
1286
1746
8006
4752
7050
4043
6019
9402
1264
5807
6146
7675
6703
6909
9918
4224
339
206
7138
8364
7828
8420
8116
6813
6425
2656
51
354
9678
6026
4648
4487
8077
8696
646
8010
7350
6659
1213
544
607
1999
6897
2067
4568
5955
5129
5135
5982
2893
8444
4576
240
6458
9987
3637
6126
5897
30
2035
9393
4333
1487
4913
428
5906
8514
7874
6805
4999
5845
7644
6798
3143
3271
2991
5138
7535
2528
5622
6269
6891
1067
5671
6678
7717
649
1735
1800
7919
4192
9794
8744
9745
9212
891
458
9729
2232
2227
2797
7115
684
1320
9506
8634
8150
8336
7401
1521
8907
5078
6150
2094
7540
7038
4982
1398
177
6782
1149
6614
2004
3989
2089
8505
8711
1678
6101
3769
6002
3730
3767
3416
5150
2127
4571
4993
7812
597
1241
128
9413
2576
6628
5642
3751
8619
4049
9061
7097
3957
7875
7204
6561
9337
4797
8712
9287
6198
1226
8575
7522
9623
8944
6401
6870
9992
3445
5954
1984
7125
7474
7696
7700
6856
4535
1811
8947
5043
3587
4258
8324
8163
1466
1973
4314
5574
3087
802
8869
3024
5692
2108
7810
2042
8698
822
2068
4860
3854
2567
3912
9735
7838
643
5735
6402
2636
2140
5997
5688
4439
2783
9263
4108
7614
470
5111
6917
4270
7468
3658
461
5281
9431
1316
7617
4176
3617
5370
6067
9153
2816
42
5162
4970
7850
4072
9365
9675
5209
1133
4669
8203
2686
3823
6022
7672
9442
2317
2316
6398
3464
8345
6554
1608
2859
6088
7723
7482
3853
9792
2862
8924
2075
578
4642
2542
12
1489
3580
371
6945
4016
542
7481
4172
4198
8005
9081
2780
2695
5458
8661
5781
6050
8900
2458
1756
3428
8458
1743
2766
6924
4081
8473
2851
8996
4148
5094
355
5540
6535
5353
320
7646
6920
5862
9534
1076
3675
5212
1511
6433
4664
965
3606
8407
4886
1268
2866
8177
523
975
3929
6588
8195
9107
4825
2141
4396
8109
4163
1810
5459
1070
5675
8652
1732
7826
3451
3745
6422
5328
4061
7184
2894
4447
8304
5366
1520
7714
9890
8554
9466
107
2889
7183
3443
8119
4836
359
681
8037
8768
4705
7194
104
317
6938
7930
8739
2632
9622
9306
4672
5706
2005
7968
797
3379
5383
5657
7106
3993
6220
5371
5053
7603
5548
7801
8685
6963
7547
3207
2239
3919
6711
8385
855
8966
5912
2854
4964
5986
4862
5122
4347
9234
1403
2231
3015
4670
5342
3595
890
3205
6369
3009
2564
8071
6873
8795
9862
2443
841
6632
9039
1331
9058
5239
7702
3291
2484
8763
3865
4742
3866
6252
1441
4466
9426
2768
4853
9951
535
1477
6457
3028
7532
1953
431
6487
4870
3732
6880
9730
966
364
7658
5231
1196
3786
867
2371
6898
2440
3555
2069
9484
4872
9146
8382
3362
1339
928
9513
4832
5203
7013
6028
1677
6418
7417
7277
1594
9551
552
4495
2044
8621
8312
1624
1193
9568
6709
2331
2828
5505
3297
3607
3150
2725
6299
5225
4090
4544
7052
5588
254
80
1697
1907
4377
5236
3096
7094
7756
2956
8004
9419
1553
35
2066
9072
5490
8036
7294
6557
7483
4097
3164
7007
4623
1335
7831
6400
5805
3314
9645
2602
7619
1393
5836
7722
4335
1944
8075
4667
2180
270
1932
4657
551
8306
1013
8053
8779
4123
765
5568
1413
9160
4227
2087
1994
2002
4591
490
6295
3634
6358
7307
5850
4079
333
7485
3942
4935
3813
905
2372
7576
1271
7235
3446
1391
8252
1273
4472
2518
1201
7087
8774
6347
8421
961
2055
5526
3331
3344
6638
5970
5617
8587
2516
2501
2357
2620
8921
7045
2775
9144
4209
464
771
1589
8091
2407
7496
3931
4238
7679
8663
6040
6864
5889
8674
7981
9808
2360
6844
7859
1390
5581
6783
7364
3541
958
4784
1537
8484
5898
8403
4638
1883
4543
1087
9363
5705
8741
3807
2898
8264
3628
8904
4583
6654
2795
8827
9417
8867
2891
3762
4168
8740
2295
199
7039
3336
3490
6454
55
5227
3920
4945
4873
8351
4730
8917
9211
1072
2645
2860
7688
5134
4196
3892
1860
2507
6742
3698
4041
1023
7057
8664
9613
9888
716
7244
2913
4749
3575
2271
988
5261
7989
7718
9597
4619
5823
6674
7100
2447
1060
1439
9714
1854
2740
1303
4641
2201
2014
9031
2553
6900
4428
2041
8803
9904
210
0
2701
8925
4611
3008
4539
8046
9849
2872
747
261
2361
2992
6111
1295
5729
7347
2791
4087
2509
5163
6284
6962
7783
1395
8068
5170
4339
448
3380
7131
4753
1695
6141
5640
9416
5398
7763
6514
5976
7612
2500
3526
8525
2257
6607
2841
2779
9080
2733
5538
6283
4876
7842
1318
7641
8637
5682
3105
5756
6349
2262
3174
2754
6491
5254
2999
798
1908
5223
7090
7341
9894
973
710
8087
4907
6064
5447
3311
6189
7677
8614
6580
6098
7247
3631
18
9034
2825
6498
7411
7965
1522
3357
7822
9247
4203
7621
1138
1325
8570
9490
9709
8937
4863
6977
4585
7173
9161
923
2954
9213
7862
4112
5598
414
9768
5205
8174
2142
9092
9428
7703
9566
4588
6272
7816
5985
9302
4459
2454
8213
6553
7076
3576
4474
4626
5465
1179
1284
7790
4917
2103
9561
5691
1185
5221
5435
7924
1002
9669
8477
6162
4547
4675
1432
1636
4035
5530
3679
9201
6981
6484
2761
5286
6468
4058
7457
3129
8080
942
5649
908
5974
5849
9636
5909
7745
7069
4395
1113
9633
7157
9267
8096
2788
5987
9802
592
2086
8331
67
4608
7060
4628
1535
7917
7833
880
9756
5542
5005
6465
4173
5013
6461
3884
2708
5327
9610
2326
6741
6364
2729
7731
6885
810
3729
9241
6682
6224
9497
8310
4036
8417
5027
7973
6939
4812
4677
8788
4129
8984
4959
9853
7001
3246
1925
573
3045
2903
1407
2045
7779
7495
5695
3200
4514
2897
5176
1373
64
445
8618
2194
5218
5733
9617
7332
7093
3568
3994
6734
4234
2845
5097
3201
83
6450
1626
5243
5870
9915
6245
6893
8731
5755
7211
202
6362
4734
3460
9452
4024
2625
5165
1512
4294
3914
8104
3219
6231
9028
6306
8736
4748
8876
858
8209
5492
2288
8147
1443
7249
9766
5395
7092
6754
9447
9383
9914
7512
8969
3411
9765
8443
9119
8563
2459
2787
2374
5938
5830
4541
2969
5419
3241
1115
619
6439
6025
898
5867
7227
7953
4211
8034
8730
2628
4978
4153
7911
8339
3995
439
8300
8633
9099
3405
1293
5815
3350
2881
7397
4990
8146
4733
8693
3669
62
4330
4070
7904
332
9319
8481
7689
4822
2343
4503
3349
2432
2552
1628
5882
2804
6424
9578
1698
7854
6445
9826
7114
9389
9297
4890
213
8943
437
6789
7928
8951
8014
4727
4400
3447
1926
4687
8679
7999
2865
9538
8638
4208
4701
3264
8043
1835
5975
7452
4882
2297
6068
3462
6515
5290
7594
9370
766
4931
3787
3960
8589
6056
1892
7634
6021
5946
449
2101
3317
3521
1604
8977
7389
1075
7527
8655
4647
66
610
442
3139
6326
7480
5382
9001
6374
6055
192
5663
53
5390
7900
2909
787
8866
557
2812
9481
8592
613
9102
2323
3025
6315
8608
49
5450
6980
398
7160
4019
5575
1536
9373
3011
1851
4051
9005
5113
5244
3370
4149
3080
9516
3060
3473
3263
9775
4671
1484
7109
3304
7743
6154
3536
3686
504
3842
9871
1108
4778
3829
1867
8173
4785
7002
2211
2983
6057
237
7365
688
2238
2895
2007
3383
5720
5274
2237
9781
842
5708
4281
6828
5921
7628
1825
1525
1388
1140
9541
7362
1568
1748
2348
1905
7016
615
1772
1955
3933
8448
7656
1292
297
8191
4508
7478
2152
8288
4889
3674
675
1307
5369
1080
5029
314
9000
8910
9193
6790
228
5311
9804
3684
5591
9407
2258
7844
5680
5651
1238
2469
2870
251
5200
7381
9867
3118
8595
5546
2319
2921
3005
3964
2830
9746
861
8959
7885
2896
1134
1167
5091
8048
2665
2976
3881
1066
4356
1686
4918
4156
6578
2526
2302
9059
4288
4313
4866
5190
5628
1045
8266
7533
6322
4780
6516
9643
4375
8850
3803
9507
4720
1006
4253
1971
8429
4241
1755
6303
6551
1738
7795
1047
2643
9540
7299
7650
4572
8383
3171
1754
8793
9928
8154
5785
8800
927
3054
1048
652
6536
4315
2827
6608
8844
5178
7343
9689
2739
6226
2409
1815
3167
9726
3647
7378
5400
1281
4554
2782
5045
5957
4813
8241
7972
9857
4496
8393
5908
6746
8018
9995
9318
9006
5665
3425
2848
2403
7354
4062
5060
6007
5669
3172
7054
3454
2230
3068
2813
212
6630
5532
5713
1251
9204
8715
1823
3539
8975
2594
8642
8690
7463
7040
5594
9681
9009
1485
7651
7923
8956
3666
8313
2226
329
2850
413
8845
879
6890
5828
1813
9208
8702
7734
4755
3577
9743
9594
1305
2718
8936
4154
7281
246
1110
4520
377
2321
6883
3371
436
2256
5426
658
8424
9487
3090
6526
2763
7056
489
8970
6405
6041
8193
4362
8717
9976
5630
9706
7789
8168
4136
3524
8333
452
6575
6348
7384
3821
5038
6339
6381
1156
683
1474
9823
4357
5638
4131
9653
1310
441
7895
6095
9320
9410
4814
2944
3841
5147
1821
9322
5570
4986
3750
4451
5677
1930
2120
9073
9720
1253
8719
8987
2765
5959
792
4304
4741
1920
8283
672
8292
7943
9231
5476
9686
7643
4210
4598
3970
1833
6729
4816
4021
7780
7610
5766
6795
932
4025
5904
4954
775
8584
8756
7720
1885
9695
1582
8807
3337
9705
4707
5356
8686
433
1086
6204
7713
3636
7589
2691
4174
5696
5197
937
8594
3966
9394
8294
1644
4969
701
2716
8258
9963
3422
9909
4359
22
3973
3209
583
5312
7232
3797
3194
150
1981
6404
4162
161
3373
5914
4898
1199
3646
2291
3031
7579
9751
7985
7081
8894
8615
4943
7912
2912
8093
6934
3389
4830
5580
3115
4365
7735
1327
8242
6845
7629
9209
6184
1144
6724
400
2554
1590
6832
5577
2282
6702
9156
8410
7181
4561
574
6537
1508
3922
3372
4649
9628
4130
7890
2722
1967
4806
5673
7286
6573
9392
3224
5857
9949
2706
2109
4478
5528
6863
6696
8455
3701
4538
5255
4001
598
6470
6066
3873
1244
75
3142
2400
2290
6171
3969
4345
1783
1784
3689
2245
278
5520
8347
7421
508
2450
1262
8397
584
7433
6140
1881
7709
1291
8528
2578
6583
9674
1797
2158
1141
9824
88
8083
2861
3890
8949
920
2986
5224
2346
847
4401
4403
5015
1472
9242
3661
5098
2135
7499
5185
1249
8157
3883
1610
7337
7283
6503
5865
5814
5220
6715
6317
7936
5065
2428
6320
9326
5788
4352
4151
8248
4881
7083
11
6440
8061
5643
9282
9969
3157
9118
6365
9448
875
264
9621
6319
8401
5512
1194
6448
8786
1609
2263
6240
4310
5759
7174
2712
3855
3073
7670
3472
2996
112
1028
6774
8834
7967
1880
8806
5868
1616
2038
8578
6793
3427
9071
5721
3269
1983
6985
3286
878
8613
357
666
3906
735
4896
7906
2603
5068
4473
6718
1457
8832
862
895
8161
2651
4137
9993
1708
5208
8244
7613
4046
8357
3406
1793
6847
8155
8624
7014
2010
8152
2704
2920
9085
9185
2498
4056
1623
4286
2869
1952
3635
1611
7543
5082
2225
4967
7834
8265
9856
2738
5059
6647
3413
8245
6084
7085
699
9053
6499
8891
4589
9536
1215
324
2082
5822
8001
1651
2728
3359
993
9736
9839
833
3621
5910
9873
8132
4762
3820
6073
1145
7799
6501
7841
4923
9828
9457
4240
3511
5760
1186
3035
454
7564
6427
2774
9167
3600
2270
9818
3376
6737
5988
7768
1857
6652
1255
1555
4057
6312
3225
3538
502
6261
9018
2136
8755
7305
3163
3408
3953
6121
7556
4479
7156
2826
392
7926
930
6692
8097
9017
3796
7252
2803
2185
3777
8662
164
450
3086
3670
8882
2717
4423
5006
6901
3783
8359
752
8398
1724
5915
1927
1909
7708
3967
8206
7784
1217
6712
9026
2122
8555
2411
9834
8463
5347
8798
6344
2053
1475
4077
7609
8880
1212
9713
3052
3907
1938
670
2266
819
6
8553
2512
9723
4068
3958
4054
9609
4287
4930
7065
8902
9023
5742
1171
6609
6203
2675
1192
7821
2088
4092
8684
7420
3896
6998
4607
4696
8545
1554
3399
2750
5846
4360
1456
6905
6875
8556
757
3131
5100
7818
2070
3176
3003
8415
8073
7297
1224
5046
9595
8863
1627
8811
6904
4864
2398
21
7914
4768
7022
5026
5559
1853
4305
9333
7473
463
1631
7466
8676
1420
9317
889
146
1166
5618
3579
6356
6473
4266
8272
2040
7698
1882
2209
2193
7080
6159
6206
6378
546
3498
3125
9656
2079
7454
2871
3586
8699
6474
9262
7073
3761
9693
3434
1617
9979
3723
3026
2003
5770
5754
8581
4406
7947
6787
7032
4269
6145
1242
6243
7980
9791
6164
7071
6522
3093
4909
7997
7673
151
859
330
5562
4857
6147
7739
2023
7317
6648
6865
691
2922
3801
5551
6571
3868
2099
4010
2037
57
1397
4391
5296
564
5397
5978
6540
531
2973
700
2286
5032
7396
6160
3155
5689
5831
9676
1183
2095
5842
3466
7752
1632
3547
2188
3557
778
6393
2545
4843
2650
7344
8192
5623
2435
3573
7707
9739
6199
5639
1000
4800
3917
114
126
8775
3162
2910
8722
3959
4248
4941
9901
7887
1558
7372
5131
5083
5278
9858
534
826
3926
6804
8689
934
5593
5612
8394
6016
7459
3651
1998
6970
8704
5666
4427
514
109
9114
7426
9425
4293
9685
1447
5750
8367
4804
3984
5214
4182
5247
4342
8801
9412
4848
305
8262
1005
8337
2491
4789
7987
5256
295
5479
1788
2607
9358
7012
5292
2673
2192
1633
3946
8249
2182
5779
3033
2408
2174
2958
5803
7258
8454
6298
835
3790
1172
8561
1128
636
3346
5186
7091
5656
5941
1505
7288
2011
3955
5716
3193
9941
2668
9663
5907
494
4264
1752
3418
4404
6668
2076
9256
2915
5998
1068
6149
3095
2672
8089
9077
4321
2281
6082
110
7393
2250
1332
9399
7048
5560
4296
4717
3691
1893
6633
3603
9271
8314
7861
2664
1386
7355
848
4516
1382
8710
703
8647
9456
9577
7494
8510
2310
9334
5984
8631
153
6449
5611
3678
2592
9882
9840
6129
4217
6622
543
1526
8826
3385
6941
204
2202
8120
2380
2485
4319
6407
2165
7845
6626
9996
2350
4569
550
2640
3110
9552
761
8678
9445
6635
6581
1162
9390
48
8935
6480
4618
5376
5901
7330
2171
1059
1903
5837
4340
5322
4824
7674
2074
9257
5587
5780
2801
3042
7018
9313
5488
6353
3482
2617
3006
5541
8326
2247
9468
5016
2283
5019
5883
987
9562
6085
6615
6740
3457
1035
9011
5582
8859
9361
7108
4322
4643
1789
3672
883
1276
4414
446
8051
9375
5890
1039
8792
9673
4145
6341
5174
6406
9083
6773
6232
809
4000
2284
3889
6548
8054
3433
7203
4282
6841
2931
242
9098
7123
4432
5983
6148
1418
5648
9614
6925
8922
3140
5527
4828
6254
5922
814
9959
8942
3948
8948
3231
4091
1519
5809
8092
3740
9660
4809
1129
3682
5789
423
1355
3144
9206
6807
5610
2917
7798
2118
1504
5740
3211
6058
9845
6687
3895
8593
9343
8325
9166
8356
2013
7635
6367
1288
2289
9270
3952
4100
1939
2241
782
4204
1552
5744
6989
2879
6442
9250
3491
2610
6564
4052
163
1256
3188
1595
5590
121
7811
4376
8522
4615
5199
4483
7955
5637
734
8805
7544
1528
1136
3206
3512
6475
6669
3533
1097
5161
7316
9277
9331
3980
1285
4818
7467
3625
5504
6416
6044
3886
5860
7671
2808
8751
2234
2598
7552
9330
1986
9939
6214
5049
5441
5554
8625
8355
311
9089
239
4883
9307
415
986
4879
3548
2313
3233
5876
9453
3849
9865
3776
1151
2205
8059
2623
5602
9101
6122
9235
1794
4037
396
2551
3440
6837
406
6914
4397
7893
7176
4570
5539
8927
4754
60
7423
4714
399
1727
9981
5931
1431
9841
9052
5690
4086
9512
9272
8639
4188
8128
3208
5501
5626
3911
6570
2713
3525
5050
7049
9200
9338
7548
1233
8649
5444
300
4457
2877
6719
6684
4402
2577
5175
8056
971
8804
6115
2840
9764
4867
1829
4582
6308
2347
1356
9210
7664
8143
1614
1564
4013
5722
9232
8276
4374
2414
8492
2216
3301
1839
3997
5917
1658
2676
4486
52
6990
5885
3706
7864
5782
9761
9515
3175
8334
6280
2590
9740
2325
5407
8673
1603
8386
3386
3778
1666
4191
1513
8546
8544
172
9912
9501
6486
3877
3181
2737
3921
2792
4799
1188
9811
8072
3737
6379
4728
3800
1676
8537
7829
8427
6052
7447
5964
9983
1774
4841
4616
2658
5833
44
7428
8070
8451
4772
5918
4358
9558
3430
3158
2582
6767
7992
5685
9592
5658
1630
5341
4679
7549
2748
6567
5357
9625
1147
800
6350
4084
8656
3487
4235
2818
7309
3476
7202
2318
6062
2829
9046
5620
9293
7740
7233
6318
7313
2873
5641
2600
4912
7630
9586
5137
4480
9881
5340
4385
2642
9436
1469
6309
6292
6961
4877
9520
4064
7243
5104
393
4369
7162
5994
3736
2537
2843
4489
1437
7884
203
3497
591
4332
9880
4811
9783
6655
2967
2392
6862
4259
9926
7766
8369
3402
3506
2997
412
3828
4808
6598
4560
5424
8962
5533
4895
5930
426
9684
4302
2448
7037
2806
3614
8491
6507
3410
145
7304
1786
3114
1711
7877
7143
3245
3338
702
3494
9642
9286
9932
8508
3210
9878
9559
9737
120
8110
673
7950
5309
9214
9386
3455
5489
4346
5334
7429
6305
8387
9279
3382
6074
3081
5145
1015
4505
8433
3272
7765
7318
7642
5210
6559
4542
5375
1675
1827
4488
864
9088
8569
756
4840
609
1209
5193
3509
2568
9131
537
9810
9956
5495
1476
2384
7711
8784
4417
3108
788
7963
1001
5844
2058
2776
6493
3109
1886
9090
5319
9868
1635
1541
3226
2777
3715
2572
8202
808
8160
3393
1328
3518
1252
6808
2968
169
6664
1861
3326
1366
8090
6950
8480
2354
3250
7949
2253
9137
4702
5095
1486
9179
108
2685
6595
8892
271
671
2533
4409
8583
8727
760
1802
373
6994
5416
5030
2451
9415
9174
294
3822
8335
8550
4826
361
7399
3016
1936
8683
5246
4894
1672
4668
2988
1429
1101
7067
9835
9305
31
731
8645
8094
737
8518
6788
5905
4069
6249
5042
6478
47
2128
6892
2888
8284
5297
3279
6459
4878
7903
5699
8200
9376
5567
9650
7140
2215
4992
4933
599
2735
1389
3071
9304
9499
1490
7695
3988
2941
7598
8981
7119
4637
1674
8041
5707
6932
9123
3593
7210
3088
687
3374
7209
1334
2885
5667
8378
7747
115
1812
1586
6091
6974
8303
8354
492
741
2287
1302
6128
6752
7329
211
1003
5963
8462
2405
2955
2864
1917
7699
6730
623
6660
9708
6747
6756
78
8246
6426
3070
8218
9588
980
2539
5655
5835
222
1409
4350
2033
5631
2773
2047
2214
516
2229
5455
1532
7776
7657
8517
7301
8115
5477
3991
5765
1260
5973
8066
6611
653
9328
1118
3312
8390
4530
2932
9782
8175
4089
7855
2001
2479
5603
1333
6933
7177
3818
7464
3558
158
3480
8483
2442
3696
7521
5544
7340
947
9859
263
397
6959
8640
189
4656
6118
7568
4117
5414
7178
3057
8296
9651
6504
3588
9180
4502
8330
7625
3871
556
8185
561
3566
7251
3262
4205
1831
8983
9227
7265
3862
4412
3985
5555
4798
6919
1181
6928
8478
5028
3764
8564
1655
5096
4958
5632
5007
2934
5154
5851
4919
7737
7772
8972
1370
2056
89
7361
5232
7017
7847
6618
1259
9584
4903
9687
5679
6049
9596
7068
1336
8127
7998
4308
5935
857
4349
9860
4715
7750
2031
5055
1491
1375
3583
7649
5880
5728
524
3624
7851
124
7311
5944
1673
4891
5806
4984
4584
8
4640
2146
4980
1161
2844
9579
8630
2169
9374
4415
17
600
7471
6758
6531
1232
8995
6163
5919
2760
5037
4491
3251
9440
6802
3002
9719
6108
6387
96
4065
9155
8737
6822
6090
8836
5634
8033
8877
6023
2971
6876
8754
1287
2071
6889
2034
8601
5075
2952
7089
6490
6689
5697
6552
7920
3247
5741
5633
6229
9691
8700
7774
5672
2296
3986
8232
1174
6142
7901
6840
941
7225
4498
4138
6770
1170
6277
2874
6340
1701
7222
455
5874
2315
8141
2490
589
2835
774
6242
5482
2129
8558
23
4229
5133
7574
495
7504
8138
1941
3287
9207
1371
4563
6081
111
2985
321
3774
388
8032
6610
3755
8255
2682
6997
8426
5428
9886
5573
3837
1245
4164
2382
6467
1428
4318
312
8714
2426
8643
8782
481
3567
4764
3590
9754
2635
9165
9409
381
8989
9922
9149
9906
7292
1446
2137
693
1543
6772
6397
7166
8718
8809
8344
3034
6784
6060
5202
3138
9283
8103
9769
956
252
3453
8353
6745
2786
4536
8111
9799
1341
2959
2324
8129
4610
6070
9057
8612
1158
4458
9480
191
8828
2579
7889
7615
527
4724
4557
1529
7374
476
2395
8964
7122
3237
4461
4159
5992
7952
5869
9591
593
964
3872
3147
8507
6757
6434
513
8465
2613
708
3419
740
6645
8201
8098
6799
3154
387
7103
3949
3375
8856
8600
3971
7892
8151
5446
4410
1083
7150
8644
625
6172
331
6584
4482
7721
8781
7296
9076
9667
6166
3173
978
3909
509
3409
410
2822
4835
8219
3190
7596
4899
5616
3388
9327
4573
9854
8030
1
480
6238
8377
8817
8732
4796
5468
6710
4614
9725
1401
1234
627
1471
2736
1745
1378
4207
9654
3663
9152
9943
6778
7257
1868
7019
9971
8307
9143
2219
3685
2899
9847
3197
1894
7807
4871
856
1363
4550
7611
9889
6816
2798
9567
6811
6851
1042
1700
997
3999
3571
4481
3214
2599
84
6188
9887
167
3809
6594
4187
5768
2495
3130
1082
3050
705
5207
3861
9779
5739
6045
732
7273
7618
7413
2474
350
5771
7239
6366
5709
9432
1640
5080
7366
7256
7719
2742
2671
3505
1298
2100
5358
4693
3619
2345
4756
3655
5338
8343
4632
8221
2441
6565
8210
7144
8753
9344
8909
2911
7866
2488
9094
6097
1556
7883
3275
3213
1649
5485
9259
3288
8215
9607
950
8224
8896
376
1777
594
616
4781
7432
2811
4961
1518
6380
1254
7282
2453
3944
4033
8750
3963
241
7226
4471
284
832
6331
8682
8020
2196
7626
313
5089
8791
5793
776
9485
2402
4634
6396
36
7228
5121
5283
2143
1220
9451
7208
4559
5235
2839
9422
5117
8318
4769
9903
7205
7460
7676
2181
1349
7870
9244
1689
3365
803
3589
7041
4777
6186
6518
7189
6726
9767
2422
425
5073
4788
8027
1562
2581
9159
7803
4387
1540
3532
9136
7751
8993
7437
2134
2420
8571
3004
9292
5920
5553
7993
1050
8918
2333
4750
6071
7440
3029
8332
7113
2113
7546
134
2444
4124
935
9276
9533
2523
438
9495
9121
7215
1690
2464
8660
3027
1683
8222
7523
5430
8287
7036
1237
2510
9898
2119
1160
1309
3938
2731
3559
6999
8654
3318
7234
7167
9269
6494
2723
8134
9190
844
1707
7373
8772
1653
8223
2569
5873
4833
1978
3135
3831
2419
596
9733
5031
5230
8997
3018
9463
1150
563
5418
7436
2493
4213
3290
2541
8999
6106
8963
6089
5510
3356
6972
7484
1089
6274
4718
5491
7321
9821
1321
981
6266
8916
5621
6810
1737
3474
5811
5832
8298
190
3392
4928
8275
4285
4929
3010
1465
474
8321
690
2538
7706
4230
2550
4165
1433
7028
6796
1852
5326
2276
4732
6958
9078
846
5233
3022
8833
2670
5509
5318
7537
1163
2021
2217
6809
3742
8052
7315
1055
3916
3827
4252
7336
7352
4587
772
6302
2190
6496
7620
2008
7773
4893
418
8013
657
1041
1426
6195
7154
6670
1588
1257
4233
1692
24
9335
1195
548
5351
6646
8557
6443
4114
3294
4039
9203
9360
5717
8431
2314
4691
2279
8889
8167
268
5794
5011
6627
2312
6223
979
3268
3870
4295
1581
7182
7925
7916
9273
459
2449
8646
9056
745
8499
5198
1483
8708
4067
9044
6785
3563
6109
6212
6642
6604
6698
6096
7978
4109
2696
7489
7369
5566
4985
1343
8628
1962
4874
7139
8166
2778
2926
1864
7269
345
5365
635
7502
662
7254
8380
4546
9608
7152
2106
1947
8939
7168
5853
9055
7422
2054
7142
7623
9629
5636
2311
3307
2057
2065
9978
8738
9222
7945
6234
13
9406
5614
6420
8384
14
8251
9546
3030
799
4991
8028
5875
8946
6511
5457
1569
985
2016
507
3530
7062
3894
9640
287
3471
3534
7969
933
6136
5352
2928
8475
2388
1720
6975
322
5895
2900
1796
8893
9491
9296
8938
8060
6836
6732
9128
5140
870
6603
1816
6625
5948
4567
8990
7929
2810
4246
618
5686
7259
1022
8253
8366
6165
9145
5421
208
4440
5498
8606
1842
7430
1200
9019
8374
9049
6944
3414
2036
3309
1114
3765
7868
196
9896
9700
9233
8767
1876
6777
1897
1218
8112
334
178
7250
3972
3766
3492
7395
6577
4946
8941
8720
5432
533
6143
7029
3364
9900
911
5668
4497
6697
7858
9524
9299
4839
1696
9476
7136
2535
9747
3657
5644
2320
9646
3613
6042
1600
5861
2305
3961
938
9141
7098
7563
5102
967
9356
9837
1987
4184
6438
6542
175
7021
9467
9175
682
9050
5106
1203
3681
7408
4905
1289
207
6304
4197
6866
8368
2504
3202
2746
20
7665
8524
5745
1464
1808
9470
6601
8412
9110
4921
69
1597
5464
1416
3198
7263
7241
6685
9439
3327
4175
1818
9672
2714
5155
8903
9879
9892
8762
9605
5660
7960
4323
8929
547
8263
7379
7214
1699
9130
7326
1155
9671
7927
3159
3768
2596
7278
9105
5757
7300
3782
8490
7813
1211
3298
5335
8026
661
1901
8611
6582
1806
4829
3230
5331
4686
629
5462
8838
577
9069
6030
6923
1921
2867
9632
9489
5461
7600
501
5139
4214
5299
8289
830
5670
7915
1007
3520
7937
9127
6472
6059
8548
4157
3459
6488
2584
4179
4524
5264
5118
5925
6572
3808
6860
230
3400
7835
7141
8425
3351
8596
748
7110
1168
6107
8632
5929
917
8295
1011
2390
6824
5320
9051
2429
8875
984
1622
1436
1807
4885
4845
1368
4847
5081
4937
854
4094
4430
9964
2492
3522
156
302
6246
5415
4103
2362
777
8787
5183
3007
3611
2855
7988
4431
282
7132
9505
931
4650
5240
839
6394
421
1579
4763
82
5242
9921
562
3407
7753
1461
5571
7970
8932
7908
1122
8329
9252
1634
9509
8442
1187
8653
2646
3332
823
1602
1848
1778
3097
1299
2919
3731
899
2529
7853
7561
1317
9115
3668
4821
3899
2902
1385
877
8829
5157
215
2689
395
3519
5847
3305
3276
6213
5302
1125
1482
374
976
7971
5726
7264
6497
7632
4794
7692
92
5514
6332
9384
6631
8186
4802
7733
5160
9477
8868
4155
9381
994
8734
1052
959
7328
5440
9275
6666
605
2693
5403
9665
4685
9350
9253
2653
6360
6964
1510
8464
3947
5093
8513
8928
4223
7951
404
4791
4681
26
816
2618
4901
144
7009
2355
1176
2307
9644
3932
1319
8771
4020
749
238
9007
2938
9449
5408
6076
4169
335
5034
1360
3680
5036
1804
3753
656
9875
925
1856
1503
957
3001
5368
7878
8271
8854
6948
9701
176
559
6153
7785
94
4695
8521
4952
9382
7382
4206
9438
5001
3047
7557
1898
6389
6792
6361
2627
209
4745
2667
1665
483
1679
8388
5143
7196
4888
342
913
4249
2364
6437
3196
2461
298
182
299
1680
1817
6671
5971
1587
5014
4038
223
119
1402
3578
5192
7161
4185
9029
6834
3145
4493
5698
5249
9938
7593
2494
5536
1029
8452
3798
1451
5115
1502
4708
4320
2024
6017
2303
7909
1057
9380
9755
4453
8841
6191
6034
1359
2619
9793
4787
1394
7193
1498
8567
9170
7148
6843
1550
4195
1618
6735
5746
8796
5128
5298
902
1563
1223
3799
3725
2950
4897
6947
1855
642
903
8100
8501
37
9968
4363
4126
711
6568
817
325
1960
813
4462
4419
7939
2678
3554
3477
4940
955
219
6912
7197
6576
6600
6333
4651
5280
1077
6943
5105
1972
1094
8527
3435
2629
2794
8671
9284
1135
7493
9264
4689
4372
4842
5687
7172
7072
1629
1547
5572
2434
7424
8067
4810
385
2831
9619
140
5676
7442
8819
2445
2236
7526
7349
9573
5943
2505
8118
303
7351
3161
5469
1691
849
4422
9351
2156
3039
1246
8411
498
9724
76
8883
8890
2150
8688
5801
1840
378
3103
9998
8496
8666
5549
9985
253
5355
2648
1126
8476
6527
7439
3850
3121
5891
1671
6853
3102
5547
9967
4666
4527
3758
3707
1836
2243
6463
6174
1096
7096
4950
8178
2006
7385
3021
1164
4545
2679
7880
4906
5439
6612
6765
6781
1795
3023
4646
7886
9169
9543
5077
1762
5852
6677
7055
5864
9154
9197
4085
6039
5392
7200
5194
4005
4663
3928
4602
8125
2423
8846
659
2527
5937
8372
1353
4688
794
475
3915
5427
4492
348
8023
9134
95
753
2575
6351
9590
1721
1615
5386
1065
8837
8725
5269
5736
2200
7580
5795
9285
4146
3236
1899
6621
6009
626
2046
5812
9549
1137
9936
569
5219
6708
9946
9357
6092
4765
7270
1367
3329
1988
8895
5088
2497
2721
8106
1415
6267
2207
2081
2601
256
4470
863
9861
2399
72
7268
4265
8197
5478
8810
3259
2337
9703
838
8488
5308
8573
2573
1706
6083
3781
7520
6842
4729
7272
506
7476
9522
5152
1791
5179
2709
5114
45
6528
9883
631
5144
8182
9560
5798
901
6330
289
789
5556
6208
6850
9531
9135
5237
1647
954
515
9544
5537
1545
3978
6549
4783
8468
6978
1884
1843
6388
1227
5777
116
503
8434
1928
1372
2644
9268
2471
7253
915
3925
4760
3043
4790
4665
5346
2475
4858
4261
9913
160
7105
624
484
5625
50
6202
1830
2890
736
9814
5229
4721
2933
6301
4624
6913
7584
6786
2710
505
6177
3744
9734
1438
2369
427
3927
9563
1024
1274
8467
8586
5126
6237
9999
4220
4429
5980
7231
5315
1790
2098
836
5057
7145
5950
7863
2224
2587
9776
6723
8305
8273
9842
9790
4454
680
9692
1092
3903
2439
2605
8277
4709
8815
7333
3395
3014
1412
9655
3377
3616
3581
7400
7814
1747
8379
806
6717
9846
921
6887
1801
6929
5048
4364
7583
8906
97
6973
6244
6591
7102
5332
6357
8607
1154
3444
7966
3859
7545
7986
9716
7024
805
6589
8551
6006
7788
3091
9947
6139
7410
8406
4939
3397
637
6417
8986
5293
419
9683
5884
7956
9147
4228
3421
3223
8022
6375
9125
8745
3936
8729
8930
9266
408
3244
4121
7693
2677
197
9944
2268
6176
6872
512
4437
5600
2476
2520
608
4017
7445
5967
8214
8748
1434
3322
7975
3810
9920
479
8466
9243
6492
6201
8979
9347
3075
5146
7034
6385
8194
2022
4299
3910
7402
1996
6310
5086
6110
1731
5784
2821
1639
411
7059
1574
6265
3253
5480
5579
9990
5306
4132
6592
4031
1771
9035
4703
3739
9710
3537
8081
9429
5564
2699
7497
7104
791
4627
929
8402
2660
5953
518
6960
2139
4167
541
4644
3983
4127
641
4599
4042
7188
6123
417
8783
7271
6415
5222
4113
7011
1859
3812
2764
2907
4504
5021
7645
5191
1190
6616
4726
1258
1561
8830
1442
9224
3234
280
9825
6596
8082
4351
6031
7266
3452
2522
2206
6690
3851
9796
4030
5956
9758
9186
9785
4761
4221
2624
5
2978
9600
6311
664
7409
1250
5004
8746
205
3361
3956
8469
9759
5834
1549
9157
4511
307
3815
2946
4110
8371
1247
2772
9682
8025
9054
5531
2930
6335
3817
5470
3180
5158
9891
7777
2556
6175
6902
304
6590
733
3398
245
5877
5177
1120
9196
9421
4262
5361
3784
1684
554
7230
2478
6273
9437
4738
3100
7164
1169
4306
9486
272
3660
7099
4949
2249
2846
6558
3642
6130
1329
3771
409
1453
7359
180
628
366
9025
5206
1322
6495
4394
5284
3775
3951
2563
5797
9066
499
1053
1844
5619
9062
7213
3846
6131
5217
100
9075
3112
7391
7462
7682
7319
8842
3515
7551
7742
7894
2905
8797
5945
9139
2555
6881
5399
555
2663
7591
1841
2634
8721
7163
6222
2170
1768
4855
8017
4441
6800
620
1560
7290
5132
3514
742
2330
8281
3923
316
9498
2547
8373
370
5438
328
4635
4580
3875
229
2744
6027
7155
6649
1596
1964
4976
2163
706
181
9353
2332
1499
1025
3390
9464
9354
7553
4336
4014
3645
9772
4297
9355
3249
2244
6916
2880
4438
7661
632
1290
2186
7503
762
9831
887
2264
9803
7434
225
7415
1308
9074
2838
1178
3278
9245
7910
4171
9530
6899
2063
3565
319
9475
1063
1638
8395
6879
3439
8187
8694
9385
3325
5748
8181
4095
1109
4737
39
1539
8778
5604
9851
7555
8095
621
3184
9731
188
3122
8338
1935
7446
9045
6077
6861
5933
2376
9565
9133
1088
8923
2947
1304
234
4795
5056
5381
1583
4922
8724
7427
8435
5928
6371
660
2147
6384
9753
2924
5291
9557
4908
6894
9109
440
8742
216
8955
1567
5872
8240
9838
611
900
3101
5166
1044
4434
884
3366
7653
7622
571
9249
2301
8440
3599
4190
3431
9189
5916
7941
1871
9526
8790
9441
2785
5164
5285
7758
159
6637
3277
3183
4244
8705
4073
6956
5576
3283
9469
9511
5499
9255
5359
8445
1942
7010
9694
3369
5552
6728
1734
391
2015
6010
6321
2936
7727
2674
2154
9008
1918
5772
4773
7570
6323
744
279
1230
1112
2937
9635
5524
25
5323
9885
9977
6037
9369
4934
2549
5085
8543
147
3690
5839
3540
9634
6780
5288
8658
8961
4512
4699
1965
3711
770
4080
3930
4868
2344
5813
9707
1283
9396
914
7571
9427
5786
8540
6256
6279
6377
2425
9308
5787
3503
1430
5125
9097
8994
4758
8259
7207
5405
9525
9290
1982
4325
1637
1820
5087
267
9397
4283
6884
485
7051
6988
4433
3752
7153
3604
538
697
7573
4075
9961
4405
2145
9800
5829
310
3968
8212
6667
8301
236
5349
3038
360
3165
227
5608
2719
6342
2342
7003
1445
3943
4317
2378
344
2661
1970
7660
5758
7043
7823
9712
8220
2863
9911
2506
5047
8681
3705
1240
7746
5521
3046
384
4490
81
3124
6114
5109
3844
4690
4515
7206
7805
244
6043
8703
491
7224
5023
918
6855
3659
8205
2173
3228
3328
2770
8274
2176
892
3156
4779
6363
185
9450
2757
1963
4579
1872
9151
3203
6105
4381
1729
633
5966
2519
8299
8743
8171
4421
604
1100
7334
3609
3709
6282
2212
991
6819
9181
4910
8291
9036
7238
9377
5529
6219
8998
8504
6597
3629
8780
5373
129
7101
6510
9529
8980
5881
7687
9537
6629
9953
3510
9876
585
4177
6513
4002
1718
9788
9022
9195
7808
4645
5664
6170
4326
3699
5517
7669
5584
5681
7530
7762
8691
274
2396
970
2275
7486
1358
582
2608
7020
4805
7360
951
4194
4311
9805
1742
336
1142
9698
1210
7907
4510
2995
6103
1272
9620
5762
4386
9171
894
1139
6156
8142
1380
1123
2662
3292
1910
7201
9261
79
5449
171
1324
1202
4083
7897
9711
2431
7127
9789
4713
6797
9103
8456
8088
5044
2415
6000
2153
4216
5063
655
9401
2166
9142
8598
780
3335
8585
4425
7488
1478
906
2379
5354
9807
9339
6946
90
2304
8493
3615
7938
8422
7236
9041
338
265
